25
25
6 10 0 0 0 0 11 0 0 0 11 0 0 0 0 0 11 0 0 0 0 0 0 2 2
0 0 0 2 2 0 0 10 10 0 0 4 4 0 0 2 0 0 0 0 0 0 0 0 3
0 0 0 6 0 3 0 3 0 1 0 0 0 0 0 2 0 0 0 0 0 0 0 0 0 
0 4 0 0 1 0 0 0 0 0 0 0 0 0 0 0 4 0 0 4 4 0 0 0 3
0 0 0 0 0 11 0 0 2 0 1 0 3 0 4 2 0 0 0 0 4 0 0 4 0 
4 0 10 0 0 0 0 0 2 0 0 11 10 3 0 2 0 1 0 0 1 0 0 7 0
0 0 10 0 0 0 0 0 0 3 0 0 0 4 0 0 0 0 0 0 0 0 4 0 0 
0 1 0 0 0 0 2 0 0 0 3 10 0 0 0 1 0 0 1 0 0 0 0 0 0
10 0 0 1 0 0 2 0 0 0 0 3 0 0 0 0 4 1 0 0 0 0 1 0 1
0 0 7 0 0 0 0 1 0 0 3 2 0 4 0 0 4 0 0 0 0 7 0 0 0 
0 0 0 0 0 5 0 0 0 0 0 2 10 4 0 0 0 2 2 0 0 2 2 0 5
10 0 0 0 0 0 10 0 0 0 0 0 0 0 3 0 0 0 7 3 0 3 0 5 0
0 0 0 0 0 0 0 11 1 0 0 0 0 0 0 0 0 0 0 0 0 0 0 6 0 
0 12 0 0 0 0 0 0 0 0 0 0 0 0 3 0 0 0 0 0 0 0 0 0 0 
1 0 0 7 0 5 2 0 1 0 7 0 0 0 0 0 4 0 0 0 0 0 0 0 0 
0 1 12 0 0 0 2 3 0 0 0 10 10 0 0 7 0 0 0 4 0 0 4 0 0
4 0 0 0 0 0 0 0 0 0 0 0 0 11 0 0 0 0 0 0 0 0 0 0 0 
4 0 0 0 0 1 0 3 0 2 2 0 4 11 3 0 4 0 7 0 2 2 0 6 0 
0 3 0 0 1 0 0 0 0 0 4 0 4 0 0 0 0 0 0 3 0 0 2 2 0 
3 2 2 0 0 0 2 0 1 0 0 0 4 0 3 0 0 1 3 10 0 3 3 0 3
0 11 0 0 2 2 2 11 0 0 0 2 2 0 10 0 0 0 0 3 0 0 0 0 0 
2 0 1 0 0 0 0 0 11 11 0 0 0 0 0 4 0 2 0 0 0 3 0 0 4
2 1 0 0 2 2 0 0 7 11 4 0 0 4 0 11 0 2 0 3 0 0 0 0 4
0 0 2 2 0 0 0 11 0 0 0 0 0 0 4 0 0 0 5 0 5 0 10 0 0 
11 0 0 0 0 3 0 3 0 0 0 0 7 0 0 0 0 2 2 0 0 0 0 2 2